001 0.127500 -2.003500 -0.125000 0.022285 -0.706756 -0.706756 0.022285
002 0.250500 -1.998500 -0.120787 0.043938 -0.705740 -0.705740 0.043938
003 0.369750 -1.986250 -0.116573 0.064982 -0.704115 -0.704115 0.064982
004 0.492000 -1.965250 -0.112360 0.086567 -0.701788 -0.701788 0.086567
005 0.621500 -1.928750 -0.108146 0.109844 -0.698523 -0.698523 0.109844
006 0.759500 -1.872000 -0.103932 0.135394 -0.694023 -0.694023 0.135394
007 0.907500 -1.788500 -0.099719 0.164613 -0.687679 -0.687679 0.164613
008 1.062500 -1.674000 -0.095505 0.197386 -0.678998 -0.678998 0.197386
009 1.214500 -1.535500 -0.091292 0.232180 -0.667902 -0.667902 0.232180
010 1.340000 -1.413750 -0.087079 0.261798 -0.656858 -0.656858 0.261798
011 1.405750 -1.399500 -0.082865 0.271290 -0.652994 -0.652994 0.271290
012 1.447250 -1.439250 -0.078652 0.271522 -0.652898 -0.652898 0.271522
013 1.534000 -1.350750 -0.074438 0.291036 -0.644436 -0.644436 0.291036
014 1.635500 -1.178250 -0.070225 0.322352 -0.629356 -0.629356 0.322352
015 1.721500 -0.994750 -0.066011 0.353550 -0.612375 -0.612375 0.353550
016 1.790000 -0.825500 -0.061797 0.381118 -0.595608 -0.595608 0.381118
017 1.845000 -0.676750 -0.057584 0.404972 -0.579653 -0.579653 0.404972
018 1.890750 -0.544750 -0.053371 0.425157 -0.565014 -0.565014 0.425157
019 1.929000 -0.422500 -0.049157 0.443293 -0.550900 -0.550900 0.443293
020 1.959750 -0.304000 -0.044943 0.460154 -0.536897 -0.536897 0.460154
021 1.982000 -0.187000 -0.040731 0.475931 -0.522963 -0.522963 0.475931
022 1.997750 -0.061250 -0.036517 0.492193 -0.507687 -0.507687 0.492193
023 2.003500 0.064500 -0.032303 0.507941 -0.491931 -0.491931 0.507941
024 2.000250 0.188750 -0.028090 0.522963 -0.475931 -0.475931 0.522963
025 1.993750 0.310250 -0.023876 0.537124 -0.459888 -0.459888 0.537124
026 1.977250 0.432000 -0.019663 0.550684 -0.443562 -0.443562 0.550684
027 1.949000 0.556250 -0.015449 0.564342 -0.426049 -0.426049 0.564342
028 1.904000 0.687500 -0.011236 0.578752 -0.406258 -0.406258 0.578752
029 1.835000 0.830000 -0.007023 0.594153 -0.383383 -0.383383 0.594153
030 1.735750 0.983750 -0.002809 0.610944 -0.356015 -0.356015 0.610944
031 1.606500 1.140250 0.001404 0.628322 -0.324363 -0.324363 0.628322
032 1.466500 1.283250 0.005618 0.643818 -0.292400 -0.292400 0.643818
033 1.388500 1.381250 0.009831 0.652898 -0.271522 -0.271522 0.652898
034 1.428750 1.422750 0.014045 0.652994 -0.271290 -0.271290 0.652994
035 1.411000 1.486000 0.018259 0.656672 -0.262262 -0.262262 0.656672
036 1.268250 1.585750 0.022472 0.667228 -0.234109 -0.234109 0.667228
037 1.086000 1.680750 0.026686 0.678198 -0.200118 -0.200118 0.678198
038 0.909000 1.758250 0.030899 0.687085 -0.167075 -0.167075 0.687085
039 0.750250 1.819750 0.035112 0.693630 -0.137394 -0.137394 0.693630
040 0.609500 1.869250 0.039325 0.698348 -0.110948 -0.110948 0.698348
041 0.482000 1.910000 0.043540 0.701704 -0.087247 -0.087247 0.701704
042 0.363500 1.944250 0.047753 0.704083 -0.065329 -0.065329 0.704083
043 0.245000 1.972750 0.051966 0.705762 -0.043588 -0.043588 0.705762
044 0.123750 1.991500 0.056180 0.706767 -0.021933 -0.021933 0.706767
045 0.000000 2.000000 0.060394 0.707107 0.000000 0.000000 0.707107
046 -0.127500 2.003500 0.064607 0.706756 0.022285 0.022285 0.706756
047 -0.250500 1.998500 0.068820 0.705740 0.043938 0.043938 0.705740
048 -0.369750 1.986250 0.073034 0.704115 0.064982 0.064982 0.704115
049 -0.492000 1.965250 0.077247 0.701788 0.086567 0.086567 0.701788
050 -0.621500 1.928750 0.081461 0.698523 0.109844 0.109844 0.698523
051 -0.759500 1.872000 0.085674 0.694023 0.135394 0.135394 0.694023
052 -0.907500 1.788500 0.089888 0.687679 0.164613 0.164613 0.687679
053 -1.062500 1.674000 0.094101 0.678998 0.197386 0.197386 0.678998
054 -1.214500 1.535500 0.098314 0.667902 0.232180 0.232180 0.667902
055 -1.339750 1.413750 0.102528 0.656858 0.261798 0.261798 0.656858
056 -1.405750 1.399500 0.106742 0.652994 0.271290 0.271290 0.652994
057 -1.447250 1.439250 0.110955 0.652898 0.271522 0.271522 0.652898
058 -1.534000 1.350750 0.115168 0.644436 0.291036 0.291036 0.644436
059 -1.635500 1.178250 0.119382 0.629422 0.322224 0.322224 0.629422
060 -1.721500 0.994750 0.123595 0.612375 0.353550 0.353550 0.612375
061 -1.790000 0.825500 0.127809 0.595608 0.381118 0.381118 0.595608
062 -1.845000 0.676750 0.132022 0.579653 0.404972 0.404972 0.579653
063 -1.890750 0.544750 0.136236 0.565014 0.425157 0.425157 0.565014
064 -1.929000 0.422500 0.140450 0.550900 0.443293 0.443293 0.550900
065 -1.959750 0.304000 0.144663 0.536897 0.460154 0.460154 0.536897
066 -1.982000 0.187000 0.148876 0.522963 0.475931 0.475931 0.522963
067 -1.997750 0.061250 0.153090 0.507687 0.492193 0.492193 0.507687
068 -2.003500 -0.064500 0.157304 0.491931 0.507941 0.507941 0.491931
069 -2.000250 -0.188750 0.161517 0.475931 0.522963 0.522963 0.475931
070 -1.993750 -0.310250 0.165730 0.459888 0.537124 0.537124 0.459888
071 -1.977250 -0.432000 0.169944 0.443562 0.550684 0.550684 0.443562
072 -1.949000 -0.556250 0.174157 0.426049 0.564342 0.564342 0.426049
073 -1.904000 -0.687500 0.178370 0.406258 0.578752 0.578752 0.406258
074 -1.835000 -0.830000 0.182585 0.383383 0.594153 0.594153 0.383383
075 -1.735750 -0.983750 0.186798 0.356015 0.610944 0.610944 0.356015
076 -1.606500 -1.140250 0.191011 0.324363 0.628322 0.628322 0.324363
077 -1.466500 -1.283250 0.195225 0.292400 0.643818 0.643818 0.292400
078 -1.388500 -1.381250 0.199438 0.271522 0.652898 0.652898 0.271522
079 -1.428750 -1.422750 0.203652 0.271290 0.652994 0.652994 0.271290
080 -1.411000 -1.486000 0.207866 0.262262 0.656672 0.656672 0.262262
081 -1.268250 -1.585750 0.212079 0.234109 0.667228 0.667228 0.234109
082 -1.086000 -1.680750 0.216292 0.200118 0.678198 0.678198 0.200118
083 -0.909000 -1.758250 0.220505 0.167075 0.687085 0.687085 0.167075
084 -0.750250 -1.819750 0.224719 0.137394 0.693630 0.693630 0.137394
085 -0.609500 -1.869250 0.228933 0.110948 0.698348 0.698348 0.110948
086 -0.482000 -1.910000 0.233146 0.087247 0.701704 0.701704 0.087247
087 -0.363500 -1.944250 0.237360 0.065329 0.704083 0.704083 0.065329
088 -0.245000 -1.972750 0.241573 0.043588 0.705762 0.705762 0.043588
089 -0.123750 -1.991500 0.245786 0.021933 0.706767 0.706767 0.021933
090 0.000000 -2.000000 0.250000 0.000000 0.707107 0.707107 0.000000
